161 868
161 855
160 839
160 827
160 815
160 799
162 785
162 762
161 730
161 701
161 680
162 652
162 633
162 606
161 588
161 566
161 556
161 542
160 534
150 534
137 534
118 533
98 534
89 534
74 534
67 534
56 534
45 535
36 535
35 526
34 517
34 508
35 495
37 489
44 488
55 488
68 490
81 490
93 490
107 490
123 489
130 489
146 491
175 489
191 488
218 490
251 490
275 490
296 491
322 491
337 490
339 499
337 514
341 526
338 531
325 534
301 534
287 534
268 536
257 537
237 537
224 538
216 537
212 537
214 554
211 572
213 594
213 612
212 630
214 651
213 680
211 704
213 732
210 773
213 815
213 828
212 846
212 870
235 868
263 869
296 872
339 870
385 869
397 866
397 826
398 795
396 747
397 697
398 673
396 631
399 602
398 573
397 541
397 518
398 498
398 489
405 489
429 489
448 491
449 511
449 538
451 562
449 587
450 614
447 647
451 680
451 716
452 757
450 783
456 825
449 862
450 873
436 873
400 874
405 873
415 873
438 874
449 874
475 872
493 870
513 869
533 867
538 850
534 831
533 813
534 783
534 758
535 716
535 704
538 674
539 653
539 633
539 611
537 589
538 567
543 539
544 510
543 490
558 488
583 488
618 489
695 491
726 493
776 498
803 514
822 546
836 598
835 628
804 670
796 684
781 698
746 706
731 709
695 713
672 713
641 714
618 716
604 717
588 718
588 720
591 747
586 815
591 840
591 875
575 872
547 869
548 870
592 869
637 869
702 870
781 873
836 872
873 869
894 869
897 850
893 809
884 771
888 734
896 684
895 647
890 593
887 541
890 504
898 489
919 488
952 489
1001 491
1074 492
1126 489
1164 490
1172 497
1176 529
1167 535
1145 533
1109 532
1077 535
1045 537
1017 537
987 537
957 537
955 537
947 548
948 578
951 588
950 608
949 628
949 637
952 650
960 652
978 655
1011 657
1042 655
1069 654
1100 654
1121 654
1148 653
1155 654
1158 673
1156 684
1154 698
1120 699
1087 697
1053 697
1019 699
992 698
959 698
952 697
947 700
945 722
949 742
947 766
946 790
943 811
958 832
991 830
1019 830
1071 833
1115 832
1147 832
1174 834
1183 844
1177 878
1156 876
1125 874
1091 874
1060 877
1025 881
996 879
953 881
924 880
895 876